0.0
0.34600378972470025
1.0360757377844196
2.068261784236544
3.4405897073501466
5.151069390436523
7.197693088722707
9.578435696245169
12.291255012741027
15.334092010514194
18.704871101254056
22.40150040278438
26.421872005720246
30.763862240011036
35.42533194134748
40.40412671741106
45.69807721394405
51.304999380618774
57.22269473668461
63.448950636371606
69.9815405340295
76.81822424898127
83.9567482300703
91.39484581988066
99.13023751860968
107.16063124757267
115.48372261231944
124.0971951653425
132.99872066835695
142.1859593541323
151.6565601878566
161.40816112801306
171.4383893867504
181.74486168972692
192.3251845354098
203.1769544538105
214.29775826463762
225.68517333484817
237.33676783557942
249.25010099844258
261.42272337116026
273.8521770725298
286.5359960466945
299.47170631670514
312.6568262373542
326.08886674726546
339.7653316202218
353.6837177157139
367.8415152286936
382.23620793851404
396.8652734570414
411.7261834759206
426.8164040129796
442.13339565775567
457.67461381612776
473.4375089540397
489.4195268402977
505.6181087884281
522.0306918975784
538.6547092924479
555.4875903622326
572.5267609985685
589.7696438324613
607.2136584701846
624.8562217281353
642.6947478666307
660.7266488226328
678.9493344413885
697.3602127069686
715.956689971695
734.7361711844418
753.6960601177965
772.8337595940699
792.1466717101406
811.6321980611222
831.2877399628405
851.1106986731087
871.0984756117881
891.2484725796227
911.5580919758363
932.0247370144795
952.6458119395157
973.4187222386362
994.3408748557902
1015.4096784024223
1036.6225433674044
1057.9768823256522
1079.4701101454161
1101.0996441942357
1122.862904543549
1144.7573141719447
1166.7802991670494
1188.9292889260396
1211.2017163547685
1233.5950180654997
1256.106634573238
1278.7340104906475
1301.4745947215508
1324.3258406529983
1347.2852063459
1370.3501547242124
1393.5181537626713
1416.7866766730635
1440.1532020890293
1463.6152142493877
1487.1702031799796
1510.8156648740166
1534.5491014709348
1558.3680214337417
1582.2699397248505
1606.252377980398
1630.3128646830369
1654.4489353331965
1678.6581326188075
1702.938006583483
1727.286114793152
1751.7000225011368
1776.177302811674
1800.715536841867
1825.3123138820715
1849.9652315547044
1874.6718959714744
1899.4299218890285
1924.2369328630084
1949.0905614005162
1973.9884491109815
1998.9282468554284
2023.9076148941374
2048.9242230327
2073.97575076646
2099.059887423339
2124.1743323050487
2149.316794826673
2174.4849946546346
2199.6766618430297
2224.8895369683337
2250.1213712624763
2275.3699267442817
2300.632976349273
2325.9083040578375
2351.193705021751
2376.4869856890637
2401.78596392734
2427.0884691452557
2452.392342412545
2477.6954365783076
2502.995616387661
2528.290758596749
2553.5787520861
2578.8574979723326
2604.1249097182153
2629.3789132410725
2654.6174470195415
2679.8384621986797
2705.039922693421
2730.219805290382
2755.3760997480194
2780.50680889514
2805.609948727758
2830.6835485043125
2855.725650839234
2880.734311794865
2905.7076009717425
2930.643601597232
2955.540410612527
2980.3961387580034
3005.2089106569415
3029.9768648976114
3054.6981541137256
3079.3709450632587
3103.9934187056406
3128.5637702773242
3153.0802093657267
3177.540959981552
3201.9442606294956
3226.2883643773334
3250.571538923397
3274.7920666624436
3298.948244749917
3323.0383851646093
3347.0608147697194
3371.013875372322
3394.8959237812433
3418.7053318633475
3442.4404865982415
3466.0997901314004
3489.6816598257174
3513.184528311483
3536.6068435347993
3559.947068804429
3583.203682837091
3606.375179801202
3629.4600693590705
3652.4568767075484
3675.3641426171444
3698.180423469607
3720.904291293977
3743.534333801123
3766.0691544167544
3788.507372312931
3810.84762243806
3833.0885555454024
3855.2288382200763
3877.2671529045797
3899.20219792283
3921.032687502726
3942.757351797244
3964.37493690407
3985.8842048837732
4007.2839337765336
4028.5729176174227
4049.7499664502507
4070.813906339981
4091.7635793837226
4112.597843720307
4133.3155735384535
4153.915659083537
4174.397006662957
4194.75853865012
4214.999193487039
4235.117925685566
4255.1137058272525
4274.985520561859
4294.7323726045015
4314.353280731471
4333.847279774708
4353.213420614951
4372.45077017357
4391.558411403082
4410.535443276368
4429.3809807745965
4448.094154873855
4466.6741125305025
4485.12001666526
4503.4310461460245
4521.606395769441
4539.645276241227
4557.546914155258
4575.310551971422
4592.935447992262
4610.420876338402
4627.76612692277
4644.970505423633
4662.033333256442
4678.953947544505
4695.731701088493
4712.365962334785
4728.856115342674
4745.201559750417
4761.4017107401705
4777.455999001796
4793.363870695558
4809.124787413719
4824.738226141035
4840.203679214177
4855.5206542800715
4870.688674253176
4885.707277271702
4900.576016652791
4915.294460846651
4929.862193389671
4944.278812856513
4958.5439328112
4972.657181757206
4986.618203086555
5000.426655027945
5014.082210593902
5027.584557526972
5040.933398244968
5054.128449785277
5067.169443748236
5080.05612623959
5092.7882578120425
5105.365613405899
5117.78798228883
5130.055167994748
5142.166988261823
5154.123274969623
5165.923874075425
5177.568645549672
5189.057463310602
5200.390215158068
5211.566802706537
5222.5871413172945
5233.451160029865
5244.158801492644
5254.71002189277
5265.104790885236
5275.3430915212475
5285.4249201758485
5295.350286474821
5305.119213220857
5314.731736319037
5324.187904701597
5333.4877802520205
5342.631437728444
5351.618964686408
5360.450461400933
5369.126040787969
5377.645828325197
5386.009961972206
5394.218592090057
5402.271881360244
5410.170004703052
5417.913149195337
5425.501513987727
5432.93531022126
5440.214760943468
5447.340101023914
5454.311577069198
5461.129447337438
5467.793981652233
5474.305461316129
5480.664179023585
5486.870438773459
5492.924555781017
5498.826856389485
5504.5776779811395
5510.177368887956
5515.62628830183
5520.924806184367
5526.073303176267
5531.072170506291
5535.921809899851
5540.622633487204
5545.175063711278
5549.579533235133
5553.836484849062
5557.9463713773575
5561.909655584735
5565.726810082436
5569.39831723401
5572.924669060804
5576.306367147137
5579.5439225452055
5582.637855679703
5585.5886962521745
5588.396983145117
5591.063264325825
5593.588096750005
5595.972046265157
5598.215687513733
5600.319603836098
5602.284387173275
5604.110637969507
5605.798965074636
5607.349985646311
5608.764325052025
5610.042616771002
5611.1855022959435
5612.193631034632
5613.067660211407
5613.808254768531
5614.416087267435
5614.891837789872
5615.236193838979
5615.449850240249
5615.533509042442
5615.487879418416
5615.313677565916
5615.011626608309
5614.582456495279
5614.0269039034965
5613.34571213726
5612.539631029134
5611.60941684057
5610.555832162542
5609.379645816192
5608.081632753493
5606.662573957941
5605.1232563452895
5603.464472664322
5601.6870213976845
5599.791706662774
5597.779338112701
5595.650730837326
5593.406705264383
5591.048087060701
5588.575707033518
5585.990401031911
5583.2930098483375
5580.484379120309
5577.565359232189
5574.536805217131
5571.3995766591715
5568.15453759547
5564.802556418711
5561.344505779683
5557.781262490024
5554.113707425162
5550.342725427435
5546.469205209418
5542.494039257452
5538.418123735386
5534.242358388539
5529.967646447889
5525.594894534486
5521.1250125641245
5516.558913652243
5511.897514019087
5507.14173289513
5502.292492426763
5497.350717582249
5492.3173360579685
5487.193278184944
5481.979476835658
5476.67686733117
5471.286387348536
5465.808976828544
5460.245577883761
5454.597134706905
5448.864593479547
5443.048902281145
5437.151010998426
5431.171871235102
5425.1124362219525
5418.9736607272525
5412.756500967571
5406.461914518937
5400.090860228382
5393.644298125853
5387.1231893365275
5380.528495993502
5373.8611811508845
5367.122208697295
5360.312543269754
5353.433150168
5346.48499526921
5339.469044943153
5332.386265967756
5325.237625445111
5318.024090717914
5310.746629286344
5303.406208725385
5296.003796602603
5288.540360396367
5281.016867414537
5273.4342847136095
5265.793579018333
5258.095716641791
5250.341663405964
5242.532384562766
5234.668844715568
5226.752007741207
5218.782836712488
5210.762293821178
5202.691340301502
5194.57093635414
5186.402041070727
5178.185612358871
5169.922606867675
5161.613979913781
5153.26068540793
5144.863675782057
5136.423901916894
5127.942313070119
5119.419856805034
5110.857478919774
5102.2561233770575
5093.616732234484
5084.940245575372
5076.227601440148
5067.479735758282
5058.697582280781
5049.882072513235
5041.034135649425
5032.154698505489
5023.244685454658
5014.305018362546
5005.3366165230245
4996.340396594651
4987.317272537686
4978.268155551678
4969.193954013622
4960.095573416702
4950.973916309617
4941.829882236489
4932.664367677348
4923.478265989218
4914.272467347781
4905.047858689632
4895.805323655138
4886.545742531871
4877.269992198654
4867.97894607019
4858.673474042302
4849.354442437759
4840.022713952714
4830.679147603738
4821.324598675453
4811.959918668777
4802.585955249775
4793.203552199103
4783.813549362076
4774.416782599332
4765.0140837381105
4755.606280524136
4746.194196574119
4736.778651328857
4727.36046000696
4717.940433559176
4708.519378623338
4699.098097479915
4689.677388008189
4680.258043643031
4670.8408533323
4661.426601494857
4652.016067979189
4642.610028022649
4633.209252211309
4623.814506440429
4614.426551875543
4605.046144914152
4595.674037148041
4586.310975326202
4576.957701318375
4567.614952079198
4558.283459612976
4548.96395093906
4539.657148057837
4530.363767917334
4521.084522380432
4511.820118192688
4502.571256950775
4493.338635071522
4484.122943761566
4474.924868987617
4465.74509144732
4456.584286540732
4447.443124342398
4438.322269574037
4429.222381577824
4420.14411429028
4411.08811621676
4402.05503040654
4393.0454944285075
4384.060140347443
4375.099594700901
4366.1644784766895
4357.255407090933
4348.3729903667345
4339.517832513431
4330.690532106427
4321.891682067626
4313.121869646445
4304.38167640141
4295.671678182337
4286.992445113094
4278.344541574938
4269.728526190441
4261.144951807971
4252.594365486771
4244.07730848259
4235.594316233894
4227.145918348644
4218.732638591638
4210.354994872413
4202.013499233718
4193.708657840538
4185.440970969683
4177.210932999925
4169.019032402691
4160.86575173331
4152.751567622805
4144.676950770227
4136.642365935544
4128.648271933061
4120.695121625383
4112.783361917917
4104.913433753905
4097.085772109987
4089.3008059922954
4081.5589584330755
4073.8606464878303
4066.2062812329846
4058.596267764069
4051.03100519442
4043.5108866543906
4036.036299291075
4028.6076242685367
4021.2252367685446
4013.889505991809
4006.6007951597167
3999.3594615165616
3992.1658563322712
3985.0203249056194
3977.9232065679307
3970.8748346872635
3963.875536673079
3956.9256339813865
3950.0254421203626
3943.1752706564457
3936.375423220895
3929.626197516818
3922.927885326662
3916.280772520159
3909.6851390627367
3903.1412590243694
3896.6494005888903
3890.2098260637445
3883.8227918901857
3877.4885486539147
3871.2073410961507
3864.9794081251393
3858.80498282809
3852.684292483538
3846.6175585741294
3840.6049967998297
3834.646817091543
3828.7432236251484
3822.8944148359433
3817.100583433492
3811.361916416881
3805.678595090367
3800.050795079424
3794.4786863471813
3788.9624332112503
3783.5021943609354
3778.0981228748255
3772.7503662387635
3767.4590663641893
3762.2243596068547
3757.0463767859023
3751.9252432033104
3746.861078663694
3741.8539974944656
3736.904108566343
3732.0115153142096
3727.1763157583187
3722.3986025258378
3717.6784628727296
3713.0159787059683
3708.411226606086
3703.8642778500434
3699.3751984344235
3694.944049098945
3690.5708853502892
3686.2557574862412
3681.998710620133
3677.7997847055963
3673.6590145616124
3669.576429897857
3665.552055340339
3661.5859104573283
3657.6780097855676
3653.8283628567647
3650.0369742243633
3646.303843490587
3642.628965333752
3639.0123295358467
3635.4539210103726
3631.9537198304447
3628.5117012571445
3625.127835768125
3621.8020890864614
3618.5344222097474
3615.3247914394283
3612.1731484103702
3609.0794401206613
3606.0436089616396
3603.065592748148
3600.145324749006
3597.282733717699
3594.477743923283
3591.7302751814937
3589.040242886064
3586.4075580402423
3583.8321272885073
3581.313852948478
3578.8526330430127
3576.4483613324937
3574.100927347297
3571.8102164204383
3569.5761097203963
3567.398484284105
3565.277213050115
3563.2121648919165
3561.203204651427
3559.2501931726306
3557.352987335374
3555.5114400893067
3553.7254004879705
3551.99471372303
3550.3192211586406
3548.698760365949
3547.133165157727
3545.622265623132
3544.1658881625885
3542.7638555227923
3541.415986831828
3540.122097634402
3538.8819999271814
3537.6955021942395
3536.5624094426043
3535.482523237904
3534.455641740105
3533.4815597393454
3532.560068691852
3531.690956755943
3530.874008828111
3530.1090065791846
3529.3957284905605
3528.733949890508
3528.123442990539
3527.563976921841
3527.0553177717707
3526.5972286204037
3526.189469577137
3525.8317978173404
3525.5239676190536
3525.265730399729
3525.05683475301
3524.89702648555
3524.7860486538593
3524.7236416011847
3524.7095429944143
3524.743487861006
3524.8252086259345
3524.954435148655
3525.130894760083
3525.354312299579
3525.624410151944
3525.9409082844186
3526.303524283679
3526.7119733928366
3527.1659685484256
3527.665220417386
3528.209437434034
3528.798325837015
3529.431589706242
3530.108930999812
3530.8300495908957
3531.5946433046056
3532.4024079548294
3533.2530373810323
3534.1462234850237
3535.081656267684
3536.0590238656528
3537.0780125879674
3538.1383069526596
3539.239589723299
3540.3815419454836
3541.5638429832743
3542.7861705555733
3544.048200772439
3545.3496081713365
3546.690065753323
3548.0692450191627
3549.4868160053697
3550.9424473201752
3552.4358061794205
3553.966558442366
3555.5343686474203
3557.1389000477825
3558.7798146469972
3560.456773234422
3562.169435420597
3563.917459672523
3565.7005033488417
3567.518222734914
3569.3702730777973
3571.2563086211176
3573.1759826398343
3575.1289474748946
3577.114854567776
3579.1333544949175
3581.1840970020285
3583.2667310382844
3585.3809047903983
3587.5262657165713
3589.702460580314
3591.9091354841444
3594.1459359031533
3596.4125067184395
3598.7084922504087
3601.0335362919395
3603.387282141409
3605.769372635578
3608.179450182336
3610.617156793301
3613.0821341162728
3615.574023467539
3618.0924658640297
3620.6371020553224
3623.2075725554914
3625.803517674803
3628.4245775512527
3631.070392181941
3633.740601454293
3636.4348451771116
3639.152763111467
3641.893995001421
3644.6581806045824
3647.4449597224925
3650.253972230842
3653.0848581095115
3655.9372574724407
3658.810810597321
3661.70515795511
3664.6199402393654
3667.554798395403
3670.5093736492677
3673.4833075365264
3676.476241930871
3679.4878190725367
3682.5176815965365
3685.565472560701
3688.6308354735315
3691.7134143218614
3694.8128535983237
3697.9287983286245
3701.060894098621
3704.2087870812034
3707.37212406298
3710.5505524707623
3713.743720397849
3716.95127663011
3720.17287067187
3723.4081527715853
3726.656773947316
3729.918386011999
3733.1926415985045
3736.4791941844965
3739.7776981170746
3743.0878086372127
3746.409181903985
3749.741475018582
3753.084346048116
3756.437454049208
3759.8004590913683
3763.1730222801575
3766.5548057801348
3769.9454728375895
3773.344687803055
3776.752116153606
3780.1674245149397
3783.5902806832346
3787.020353646791
3790.4573136074546
3793.900832001814
3797.3505815221815
3800.806236137351
3804.2674711131313
3807.7339630326605
3811.2053898164945
3814.6814307424706
3818.16176646535
3821.646079036234
3825.1340519217547
3828.625370023042
3832.119719694462
3835.616788762134
3839.116266542214
3842.6178438589586
3846.1212130625577
3849.62606804674
3853.132104266153
3856.6390187535144
3860.146510136535
3863.6542786546142
3867.162026175305
3870.669456210555
3874.176273932714
3877.6821861903186
3881.186901523642
3884.6901301800185
3888.191584128939
3891.690977076919
3895.1880244821327
3898.682443568825
3902.173953341489
3905.6622745988197
3909.147129947435
3912.6282438153726
3916.1053424653524
3919.578154007817
3923.0464084137416
3926.5098375272146
3929.968175077791
3933.4211566926206
3936.868519908347
3940.31000418278
3943.7453509063407
3947.174303413281
3950.596606992676
3954.012008899191
3957.4202583636243
3960.8211066032213
3964.2143068317687
3967.59961426946
3970.976786152538
3974.345581742716
3977.705762336374
3981.0570912735297
3984.3993339465933
3987.732257808895
3991.055632382995
3994.3692292687692
3997.6728221512776
4000.9661868084117
4004.2491011183242
4007.521345066638
4010.782700753438
4014.032952400047
4017.2718863555842
4020.499291103305
4023.714957266731
4026.9186776155593
4030.110247071362
4033.2894627130704
4036.456123782247
4039.6100316881443
4042.7509900125565
4045.878804514455
4048.9932831344195
4052.0942359988553
4055.1814754240086
4058.254815919768
4061.314074193264
4064.359069152262
4067.3896219083485
4070.4055557799174
4073.4066962949482
4076.392871193586
4079.3639104305184
4082.3196461771536
4085.259912823596
4088.1845469804275
4091.093387480287
4093.986275379258
4096.863053958054
4099.723568723016
4102.567667406915
4105.395199969555
4108.206018598194
4110.999977707767
4113.776933940929
4116.5367461678925
4119.279275486097
4122.004385219676
4124.711940918752
4127.401810358534
4130.073863538244
4132.727972679851
4135.3640122266315
4137.981858841549
4140.581391405451
4143.1624910150895
4145.725040980969
4148.268926825017
4150.794036278072
4153.300259277215
4155.787487962918
4158.2556166760205
4160.704541954546
4163.1341625303385
4165.5443793255445
4167.935095448917
4170.306216191967
4172.657649024939
4174.989303592634
4177.301091710071
4179.5929273579795
4181.864726678147
4184.1164079686005
4186.347891678634
4188.559100403686
4190.749958880054
4192.920393979468
4195.070334703506
4197.199712177864
4199.308459646475
4201.396512465484
4203.463808097077
4205.510286103165
4207.535888138923
4209.540557946194
4211.524241346747
4213.486886235397
4215.428442572993
4217.348862379264
4219.248099725531
4221.126110727287
4222.982853536646
4224.8182883346635
4226.632377323518
4228.425084718576
4230.196376740324
4231.946221606178
4233.674589522169
4235.381452674504
4237.066785221006
4238.730563282443
4240.372764933723
4241.993370194991
4243.59236102259
4245.169721299926
4246.725436828215
4248.25949531711
4249.77188637523
4251.262601500574
4252.731634070834
4254.17897933359
4255.604634396421
4257.00859821689
4258.390871592448
4259.751457150223
4261.090359336722
4262.407584407428
4263.703140416304
4264.977037205206
4266.229286393196
4267.459901365769
4268.668897263989
4269.856290973536
4271.022101113667
4272.1663480260895
4273.2890537637495
4274.390242079542
4275.469938414932
4276.528169888502
4277.56496528442
4278.580355040827
4279.574371238149
4280.547047587339
4281.498419418041
4282.428523666683
4283.337398864505
4284.225085125511
4285.091624134354
4285.937059134162
4286.761434914294
4287.5647977980325
4288.347195630214
4289.1086777648015
4289.849295052399
4290.5690998277
4291.268145896889
4291.946488524985
4292.604184423129
4293.24129173582
4293.857870028103
4294.453980272708
4295.029684837132
4295.585047470687
4296.1201332914925
4296.635008773429
4297.129741733046
4297.604401316432
4298.059057986041
4298.493783507482
4298.9086509362705
4299.303734604548
4299.679110107753
4300.034854291281
4300.371045237089
4300.687762250286
4300.9850858456875
4301.263097734341
4301.521880810025
4301.761519135729
4301.982097930095
4302.18370355385
4302.3664234962125
4302.530346361271
4302.675561854352
4302.8021607683695
4302.9102349701525
4302.999877386765
4303.0711819918
4303.124243791671
4303.159158811889
4303.176024083326
4303.174937628472
4303.155998447684
4303.119306505424
4303.0649627164985
4302.993068932286
4302.903727926967
4302.797043383746
4302.67311988108
4302.532062878901
4302.3739787048435
4302.19897454047
4302.007158407506
4301.798639154075
4301.573526440944
4301.331930727769
4301.073963259359
4300.79973605194
4300.509361879435
4300.202954259751
4299.880627441083
4299.542496388228
4299.188676768918
4298.819284940168
4298.434437934632
4298.0342534469955
4297.6188498203655
4297.188346032699
4296.7428616832385
4296.282516978983
4295.807432721169
4295.317730291784
4294.813531640102
4294.294959269249
4293.762136222794
4293.21518607136
4292.654232899279
4292.079401291265
4291.490816319125
4290.888603528499
4290.272888925631
4289.643798964184
4289.00146053207
4288.346000938342
4287.677547900097
4286.996229529436
4286.302174320453
4285.595511136262
4284.876369196073
4284.1448780623
4283.401167627717
4282.6453681026505
4281.877610002223
4281.098024133638
4280.306741583509
4279.503893705237
4278.68961210643
4277.864028636381
4277.027275373581
4276.179484613292
4275.320788855162
4274.451320790901
4273.571213291998
4272.680599397496
4271.7796123018215
4270.8683853426655
4269.947051988919
4269.015745828664
4268.074600557222
4267.123749965257
4266.163327926938
4265.19346838816
4264.21430535482
4263.225972881158
4262.228605058154
4261.22233600199
4260.207299842565
4259.183630712082
4258.151462733695
4257.110930010213
4256.062166612879
4255.0053065701995
4253.940483856855
4252.867832382662
4251.78748598161
4250.699578400963
4249.604243290428
4248.501614191388
4247.391824526216
4246.2750075876365
4245.15129652818
4244.020824349689
4242.883723892907
4241.740127827131
4240.590168639939
4239.433978626988
4238.271689881885
4237.103434286131
4235.929343499136
4234.7495489483135
4233.564181819245
4232.373373045919
4231.1772533010435
4229.97595298644
4228.769602223507
4227.558330843767
4226.34226837948
4225.12154405434
4223.896286774252
4222.6666251181805
4221.432687329081
4220.194601304904
4218.952494589682
4217.706494364698
4216.456727439727
4215.203320244358
4213.946398819406
4212.686088808389
4211.422515449098
4210.155803565237
4208.886077558156
4207.613461398656
4206.338078618878
4205.060052304277
4203.77950508567
4202.49655913138
4201.211336139446
4199.923957329927
4198.634543437289
4197.343214702864
4196.050090867409
4194.75529116373
4193.458934309405
4192.16113849958
4190.86202139986
4189.561700139268
4188.260291303305
4186.957910927082
4185.654674488543
4184.35069690177
4183.046092510374
4181.740975080968
4180.435457796726
4179.129653251027
4177.823673441186
4176.517629762267
4175.211633000983
4173.905793329679
4172.600220300398
4171.295022839042
4169.990309239607
4168.68618715851
4167.3827636089945
4166.080144955631
4164.778436908892
4163.477744519823
4162.1781721747875
4160.879823590306
4159.582801807975
4158.287209189472
4156.993147411653
4155.700717461717
4154.410019632477
4153.121153517698
4151.834218007531
4150.549311284026
4149.266530816733
4147.985973358387
4146.707734940674
4145.431910870082
4144.158595723844
4142.887883345953
4141.61986684327
4140.354638581711
4139.092290182517
4137.832912518616
4136.576595711056
4135.323429125532
4134.073501368988
4132.826900286306
4131.583712957076
4130.3440256924505
4129.107924032081
4127.875492741135
4126.646815807392
4125.421976438434
4124.2010570589
4122.984139307832
4121.771304036102
4120.562631303918
4119.3582003784095
4118.158089731295
4116.962377036632
4115.771139168637
4114.584452199599
4113.402391397862
4112.22503122589
4111.052445338415
4109.884706580653
4108.721886986608
4107.564057777452
4106.411289359978
4105.2636513251355
4104.121212446642
4102.984040679667
4101.8522031595985
4100.725766200884
4099.604795295944
4098.489355114164
4097.379509500961
4096.2753214769255
4095.176853237036
4094.0841661499494
4092.997320757365
4091.9163767734603
4090.841393084404
4089.7724277479356
4088.7095379930215
4087.652780219584
4086.6022099982983
4085.557882070462
4084.5198503479373
4083.4881679131627
4082.4628870192328
4081.444059090051
4080.4317347205483
4079.425963676975
4078.4267948972542
4077.434276491412
4076.4484557420683
4075.4693791049976
4074.497092209758
4073.5316398603845
4072.5730660361482
4071.6214138923815
4070.67672576137
4069.739043153307
4068.8084067573136
4067.884856442521
4066.968431259219
4066.0591694400628
4065.1571084013467
4064.262284744339
4063.3747342566758
4062.4944919138197
4061.621591880576
4060.7560675126706
4059.897951358387
4059.047275160263
4058.204069856846
4057.3683655845084
4056.5401916793157
4055.719576678959
4054.906548324738
4054.101133563605
4053.3033585502603
4052.51324864931
4051.7308284374703
4050.956121705834
4050.189151462184
4049.429939933365
4048.678508567707
4047.9348780375017
4047.199068241529
4046.471098307636
4045.7509865953693
4045.038750698654
4044.3344074485244
4043.6379729159044
4042.9494624144363
4042.2688905033588
4041.5962709904325
4040.9316169349127
4040.274940650569
4039.626253708751
4038.9855669415
4038.352890444709
4037.7282335813225
4037.1116049845837
4036.503012561326
4035.902463495306
4035.3099642505786
4034.725520574917
4034.1491375032742
4033.580819361283
4033.0205697687984
4032.4683916434824
4031.9242872044233
4031.3882579757983
4030.8603047905735
4030.340427794242
4029.828626448598
4029.324899535551
4028.8292451609746
4028.341660758589
4027.862143093885
4027.390688268077
4026.927291722092
4026.471948240595
4026.024651956044
4025.5853963527816
4025.154174271155
4024.7309779116713
4024.3157988391804
4023.9086279870917
4023.5094556616195
4023.11827154606
4022.7350647050916
4022.359823589113
4021.992536038601
4021.633189288499
4021.2817699726343
4020.938264128159
4020.60265720002
4020.27493404545
4019.955078938489
4019.643075574523
4019.338907074857
4019.0425559912997
4018.754004310778
4018.4732334599735
4018.2002243099805
4017.9349571809826
4017.677411846953
4017.427567540375
4017.1854029569795
4016.950896260506
4016.724025087478
4016.504766552
4016.293097250572
4016.088993266917
4015.8924301768325
4015.703383053051
4015.5218264701216
4015.347734509304
4015.1810807634774
4015.021838342066
4014.869979875975
4014.72547752254
4014.5883029704937
4014.4584274449394
4014.33582171234
4014.2204560855157
4014.1123004286537
4014.0113241623285
4013.9174962685324
4013.830785295714
4013.751159363827
4013.6785861693847
4013.6130329905277
4013.554466692094
4013.5028537306985
4013.4581601598175
4013.420351634881
4013.389393418371
4013.365250384921
4013.347887026426
4013.3372674571524
4013.333355418852
4013.336114285882
4013.3455070703253
4013.361496427115
4013.3840446591585
4013.4131137224654
4013.4486652312767
4013.490660463191
4013.5390603642963
4013.5938255542974
4013.654916331644
4013.7222926786585
4013.795914266661
4013.8757404610924
4013.9617303266364
4014.0538426323374
4014.152035856716
4014.2562681928803
4014.3664975536353
4014.482681576583
4014.6047776292235
4014.7327428140457
4014.8665339736162
4015.006107695661
4015.151420318138
4015.3024279343094
4015.4590863977974
4015.6213513276402
4015.7891781133385
4015.9625219198892
4016.1413376928153
4016.325580163184
4016.5152038526167
4016.7101630782886
4016.9104119579174
4017.1159044147425
4017.326594182491
4017.5424348103365
4017.763379667841
4017.9893819498902
4018.2203946816117
4018.456370723283
4018.6972627752243
4018.9430233826824
4019.1936049406954
4019.448959698945
4019.7090397665975
4019.9737971171253
4020.243183593117
4020.5171509110696
4020.7956506661662
4021.0786343370382
4021.3660532905087
4021.6578587863214
4021.9540019818514
4022.254433936801
4022.559105617875
4022.8679679034385
4023.1809715881573
4023.498067387621
4023.819205942946
4024.1443378253575
4024.4734135407552
4024.8063835342587
4025.143198194732
4025.483807859289
4025.8281628177765
4026.1762133172406
4026.527909566367
4026.8832017399036
4027.2420399830607
4027.6043744158883
4027.9701551376343
4028.3393322310762
4028.7118557668346
4029.0876758076606
4029.4667424127038
4029.8490056417527
4030.2344155594546
4030.6229222395123
4031.0144757688536
4031.409026251782
4031.8065238140975
4032.2069186071953
4032.610160812142
4033.016200643722
4033.4249883544644
4033.836474238638
4034.250608636227
4034.6673419368767
4035.0866245838165
4035.508407077753
4035.9326399807405
4036.3592739200217
4036.7882595918445
4037.219547765251
4037.653089285837
4038.0888350794903
4038.5267361560946
4038.966743613211
4039.4088086397282
4039.852882519489
4040.298916634885
4040.746862470424
4041.19667161627
4041.6482957717562
4042.101686748865
4042.5567964756838
4043.0135769998296
4043.471980491845
4043.9319592485654
4044.393465696457
4044.8564523949244
4045.3208720395905
4045.7866774655454
4046.253821650565
4046.722257718304
4047.1919389414525
4047.662818744868
4048.1348507086755
4048.6079885713348
4049.0821862326816
4049.5573977569366
4050.0335773756833
4050.510679490817
4050.98865867746
4051.4674696868506
4051.9470674491963
4052.4274070765005
4052.908443865356
4053.390133299708
4053.8724310535868
4054.3552929938064
4054.8386751826356
4055.3225338804364
4055.8068255482704
4056.2915068504744
4056.776534657206
4057.261866046955
4057.7474583090266
4058.2332689459886
4058.7192556760924
4059.205376435659
4059.6915893814344
4060.177852892912
4060.6641255746276
4061.1503662584164
4061.636534005643
4062.1225881093997
4062.608488096669
4063.094193730461
4063.579665011912
4064.064862182356
4064.549745725363
4065.0342763687454
4065.518415086533
4066.0021231009173
4066.4853618841626
4066.9680931604853
4067.450278907903
4067.9318813600507
4068.4128630079667
4068.8931866018443
4069.3728151527553
4069.8517119343396
4070.3298404844636
4070.807164606849
4071.283648372667
4071.7592561221036
4072.2339524658923
4072.7077022868157
4073.180470741177
4073.6522232602383
4074.12292555163
4074.592543600725
4075.0610436719885
4075.5283923102893
4075.9945563421848
4076.4595028771746
4076.9231993089224
4077.385613316448
4077.846712865288
4078.306466208623
4078.7648418883823
4079.2218087363085
4079.677335874999
4080.131392718912
4080.5839489753475
4081.034974645393
4081.4844400248426
4081.932315705084
4082.378572573957
4082.823181816583
4083.2661149161613
4083.707343654739
4084.1468401139514
4084.584576675732
4085.020526022991
4085.454661140269
4085.8869553143595
4086.3173821349014
4086.7459154949433
4087.1725295914803
4087.5971989259615
4088.0198983047676
4088.44060283966
4088.859287948206
4089.27592935417
4089.6905030878793
4090.1029854865633
4090.513353194663
4090.921583164112
4091.327652654591
4091.7315392337573
4092.1332207774426
4092.5326754698262
4092.929881803582
4093.324818579996
4093.7174649090603
4094.1078002095355
4094.4958042089925
4094.8814569438246
4095.2647387592333
4095.645630309189
4096.024112556366
4096.400166772052
4096.77377453603
4097.144917736437
4097.513578569595
4097.8797395398215
4098.243383459209
4098.604493447385
4098.963052931242
4099.319045644647
4099.67245562813
4100.023267228535
4100.371465098664
4100.717034196886
4101.059959786724
4101.400227436421
4101.737823018482
4102.072732709192
4102.404942988109
4102.73444063754
4103.061212741986
4103.385246687575
4103.70653016146
4104.025051151208
4104.3407979441545
4104.653759126748
4104.963923583862
4105.271280498095
4105.57581934904
4105.877529912545
4106.176402259935
4106.472426757233
4106.765594064347
4107.055895134241
4107.3433212120835
4107.627863834379
4107.90951482808
4108.188266309678
4108.46411068427
4108.737040644619
4109.007049170178
4109.274129526111
4109.538275262283
4109.799480212239
4110.057738492166
4110.313044499827
4110.565392913488
4110.8147786908185
4111.061197067782
4111.304643557502
4111.545113949118
4111.782604306621
4112.017110967667
4112.2486305423845
4112.477159912157
4112.702696228392
4112.925236911274
4113.1447796485045
4113.36132239402
4113.574863366701
4113.785401049059
4113.99293418592
4114.1974617830765
4114.398983105937
4114.597497678161
4114.793005280269
4114.985505948256
4115.174999972171
4115.361487894697
4115.544970509716
4115.725448860854
4115.9029242400175
4116.077398185915
4116.24887248257
4116.417349157818
4116.58283048179
4116.745318965386
4116.904817358738
4117.061328649656
4117.21485606207
4117.365403054451
4117.512973318234
4117.657570776214
4117.799199580946
4117.937864113124
4118.073568979955
4118.206319013521
4118.336119269133
4118.462975023671
4118.586891773919
4118.70787523489
4118.825931338135
4118.941066230055
4119.053286270192
4119.162598029521
4119.2690082887275
4119.372524036478
4119.473152467685
4119.57090098176
4119.665777180863
4119.7577888681435
4119.84694404597
4119.9332509141595
4120.016717868193
4120.097353497429
4120.175166583309
4120.250166097557
4120.32236120037
4120.39176123861
4120.4583757439805
4120.522214431204
4120.583287196193
4120.641604114213
4120.697175438044
4120.750011596135
4120.800123190754
4120.8475209961325
4120.892215956611
4120.934219184773
4120.973541959577
4121.010195724492
4121.044192085618
4121.07554280981
4121.104259822798
4121.130355207301
4121.153841201148
4121.174730195377
4121.193034732352
4121.208767503865
4121.221941349239
4121.232569253434
4121.24066434514
4121.246239894882
4121.24930931311
4121.249886148297
4121.247984085035
4121.243616942121
4121.2367986706595
4121.227543352145
4121.215865196557
4121.201778540449
4121.185297845038
4121.166437694301
4121.145212793057
4121.121637965062
4121.095728151101
4121.067498407077
4121.036963902108
4121.004139916616
4120.9690418404225
4120.931685170847
4120.892085510804
4120.850258566898
4120.806220147532
4120.759986161
4120.711572613595
4120.660995607723
4120.608271339999
4120.553416099368
4120.496446265217
4120.437378305489
4120.376228774807
4120.313014312591
4120.247751641188
4120.180457564001
4120.111148963619
4120.039842799954
4119.966556108387
4119.891305997899
4119.814109649229
4119.734984313024
4119.653947307993
4119.57101601907
4119.486207895577
4119.3995404493935
4119.3110312531335
4119.2206979383245
4119.12855819359
4119.034629762841
4118.938930443471
4118.841478084553
4118.7422905850535
4118.641385892035
4118.538781998877
4118.434496943503
4118.328548806605
4118.2209557098795
4118.111735814275
4118.000907318232
4117.888488455941
4117.774497495606
4117.658952737707
4117.541872513281
4117.4232751822
4117.30317913146
4117.181602773477
4117.058564544392
4116.934082902377
4116.808176325956
4116.680863312333
4116.552162375718
4116.422092045672
4116.290670865457
4116.157917390391
4116.023850186211
4115.888487827449
4115.7518488958085
4115.613951978558
4115.474815666927
4115.334458554511
4115.192899235689
4115.050156304045
4114.906248350801
4114.761193963257
4114.615011723241
4114.467720205568
4114.319337976509
4114.169883592269
4114.019375597471
4113.867832523651
4113.715272887766
4113.56171519071
4113.407177915831
4113.251679527472
4113.095238469512
4112.937873163917
4112.779602009308
4112.62044337953
4112.460415622234
4112.299537057474
4112.137825976305
4111.975300639401
4111.811979275675
4111.647880080915
4111.483021216423
4111.31742080768
4111.151096942996
4110.9840676722
4110.816351005313
4110.647964911253
4110.478927316542
4110.309256104016
4110.138969111562
4109.968084130852
4109.796618906096
4109.624591132804
4109.4520184565545
4109.27891847178
4109.105308720564
4108.931206691436
4108.7566298182
4108.581595478755
4108.406120993934
4108.230223626355
4108.053920579283
4107.8772289955
4107.700165956192
4107.522748479839
4107.344993521125
4107.1669179698565
4106.988538649892
4106.809872318079
4106.63093566321
4106.451745304984
4106.272317792984
4106.092669605661
4105.912817149338
4105.7327767572115
4105.5525646883825
4105.372197126884
4105.191690180728
4105.011059880962
4104.830322180738
4104.649492954393
4104.46858799654
4104.287623021171
4104.106613660777
4103.925575465468
4103.744523902118
4103.563474353514
4103.382442117516
4103.201442406235
4103.0204903452195
4102.839600972648
4102.658789238547
4102.478070004003
4102.297458040404
4102.116968028684
4101.936614558574
4101.756412127874
4101.576375141736
4101.396517911956
4101.216854656273
4101.0373994976935
4100.85816646381
4100.679169486149
4100.500422399515
4100.321938941359
4100.143732751151
4099.965817369768
4099.788206238889
4099.610912700407
4099.433949995853
4099.257331265824
4099.081069549433
4098.905177783763
4098.729668803337
4098.554555339595
4098.379850020388
4098.205565369481
4098.031713806062
4097.858307644277
4097.685359092764
4097.512880254198
4097.340883124855
4097.1693795941865
4096.998381444396
4096.827900350038
4096.657947877626
4096.488535485243
4096.319674522178
4096.151376228558
4095.9836517350054
4095.8165120622975
4095.6499681210394
4095.4840307113486
4095.3187105225516
4095.154018132889
4094.9899640092353
4094.8265585068248
4094.6638118689925
4094.5017342269252
4094.340335599421
4094.179625892662
4094.019614899998
4093.8603123017397
4093.701727664962
4093.543870443321
4093.386749976876
4093.2303754919303
4093.074756100873
4092.91990080204
4092.7658184795796
4092.6125179033306
4092.460007728711
4092.308296496616
4092.1573926333276
4092.0073044504325
4091.858040144752
4091.709607798282
4091.5620153781397
4091.415270736525
4091.26938161069
4091.124355622916
4090.9802002805054
4090.8369229757777
4090.694530986079
4090.5530314738003
4090.4124314864052
4090.2727379564662
4090.1339577017134
4089.9960974250894
4089.8591637148147
4089.723163044464
4089.5881017730494
4089.4539861451144
4089.3208222908365
4089.1886162261394
4089.057373852812
4088.9271009586405
4088.7978032175465
4088.6694861897336
4088.5421553218443
4088.415815947126
4088.2904732856027
4088.1661324442607
4088.042798417236
4087.920476086017
4087.79917021965
4087.6788854749566
4087.559626396758
4087.4413974181084
4087.3242028605346
4087.208046934286
4087.092933738591
4086.9788672619234
4086.8658513822743
4086.753889867433
4086.642986375276
4086.5331444540634
4086.424367542742
4086.3166589712578
4086.2100219608737
4085.7584558347726
4084.9638992292294
4083.828309101391
4082.35366046286
4080.5419461132183
4078.3951763735195
4075.915378819761
4073.1045980163717
4069.9648952497287
4066.498348261728
4062.707050983434
4058.5931132688243
4054.1586606286583
4049.4058339644876
4044.336789302827
4038.953697529517
4033.258744124288
4027.2541288955586
4020.9420657154756
4014.324782255234
4007.40451972068
4000.1835325882334
3992.6640883411383
3984.8484672060677
3976.738961890103
3968.3378773181075
3959.647530370513
3950.670249621539
3941.408375077869
3931.864257917798
3922.04026023087
3911.938754758031
3901.5621246323117
3890.912763120061
3879.9930733627466
3868.805468119345
3857.3523695093363
3845.6362087563252
3833.6594259323024
3821.424469702569
3808.933797071338
3796.189873128036
3783.195170794312
3769.9521705717843
3756.4633602905337
3742.731234858363
3728.7582960108407
3714.5470520621407
3700.1000176567045
3685.419713521733
3670.5086662205244
3655.369407906685
3640.004476079215
3624.416413338495
3608.607767143188
3592.5810895680615
3576.338937062763
3559.883870211549
3543.2184534939906
3526.345255046667
3509.266846425863
3491.9858023712877
3474.504700570818
3456.8261214262984
3438.952647820396
3420.8868648845328
3402.6313597679023
3384.1887214075955
3365.5615402998355
3346.752408272344
3327.7639182578478
3308.5986640687415
3289.2592401729166
3269.748241470769
3250.0682630734004
3230.2219000820237
3210.211747368583
3190.040399357603
3169.710449809279
3149.2244916038167
3128.5851165270346
3107.7949150572417
3086.8564761533985
3065.7723870445748
3044.5452330207117
3023.177597224704
3001.672060445806
2980.031200914376
2958.257594097969
2936.3538124987863
2914.322425452489
2892.165998928392
2869.887095331042
2847.4882733031877
2824.9720875301573
2802.3410885456447
2779.5978225389213
2756.744831163474
2733.7846513470813
2710.719815103337
2687.5528493446272
2664.286275696568
2640.922610313913
2617.464363697941
2593.9140405153203
2570.274139418474
2546.5471528674366
2522.7355669532176
2498.841861222677
2474.868508504919
2450.8179747392123
2426.692718804437
2402.4951923500703
2378.227839628717
2353.893097330184
2329.49339441711
2305.0311519621564
2280.5087829867593
2255.9286923014533
2231.2932763477656
2206.6049230416943
2181.8660116187643
2157.078912480676
2132.2459870435428
2107.369587587724
2082.45205710926
2057.4957291729097
2032.5029277667945
2007.4759671586553
1982.4171517537204
1957.3287759541927
1932.2131240203555
1907.0724699333025
1881.909077259292
1856.7251990157292
1831.5230775387802
1806.3049443526172
1781.073020040299
1755.829514116288
1730.5766249006044
1705.3165393946226
1680.0514331585073
1654.7834701902925
1629.5148028066048
1604.2475715250316
1578.9839049481345
1553.72591964911
1528.4757200590968
1503.235398356132
1478.0070343557527
1452.7926954032478
1427.5944362675575
1402.41429903682
1377.2543130155666
1352.116494623564
1327.0028472963036
1301.9153613871372
1276.8560140710567
1251.8267692501206
1226.829577460522
1201.866375781299
1176.9390877446874
1152.0496232481107
1127.1998784678096
1102.3917357741063
1077.6270636483048
1052.9077166012219
1028.2355350933483
1003.6123454566393
979.0399598179295
954.5201760239705
930.0547775680908
905.6455335184713
881.2941984480375
857.0025123659622
832.7722006507785
808.6049739850972
784.5025282919274
760.4665446725957
736.4986893462598
712.6006135910158
688.7739536865911
665.0203308586229
641.3413512245158
617.7386057408756
594.2136701525144
570.7681049430229
547.4034552869057
524.121251003275
500.92300651109736
477.81022078598915
454.7843773185565
431.84694407427367
408.9993734548953
386.2431022613974
363.5795516584416
341.0101271403573
318.5362184986366
296.15919979093536
273.88042931157656
251.70124956354795
229.62298723198995
207.646953159167
185.77444232091622
164.00673380456766
142.34509078832963
120.79076052213281
99.34497430992678
78.00894749342233
56.78387943727316
35.67095351569023
14.671337100481843
-6.213818449487192
-26.983377797424346
-47.63622163633307
-68.1712466953385
-88.5873657446224
-108.88350759897448
-129.05861711996744
-149.1116552167633
-169.04159884555816
-188.84744100767338
-208.5281907463003
-228.08287314190662
-247.51052930631192
-266.81021637544035
-285.9810075007583
-305.021991839405
-323.932274543024
-342.71097674530375
-361.35723554823596
-379.8702040070986
-398.2490511141733
-416.4929617812045
-434.6011368206095
-452.57279292544735
-470.4071626481552
-488.1034943780608
-505.6610523176802
-523.079116457808
-540.3569825514112
-557.4939620863327
-574.4893822568156
-591.3425859338561
-608.0529316343939
-624.6197934893497
-641.0425612105186
-657.3206400563275
-673.4534507964685
-689.4404296754135
-705.2810283748231
-720.9747139748556
-736.5209689143885
-751.9192909501598
-767.1691931148397
-782.2702036740405
-797.2218660822768
-812.0237389378832
-826.6753959368998
-841.1764258259358
-855.5264323540191
-869.725034223444
-883.7718650396239
-897.6665732599611
-911.4088221417425
-924.9982896890705
-938.4346685988392
-951.7176662057666
-964.8470044264913
-977.8224197027445
-990.6436629436066
-1003.3104994668595
-1015.8227089394422
-1028.180085317023
-1040.3824367826942
-1052.429585684804
-1064.3213684739312
-1076.057635639016
-1087.638251642655
-1099.06309485557
-1110.332057490265
-1121.4450455338754
-1132.4019786802235
-1143.2027902610891
-1153.8474271767068
-1164.3358498254966
-1174.6680320330424
-1184.843960980326
-1194.863637131226
-1204.7270741592938
-1214.4342988738176
-1223.9853511451804
-1233.3802838295262
-1242.6191626927434
-1251.7020663337755
-1260.629086107268
-1269.400326045564
-1278.015902780058
-1286.475945461916
-1294.7805956821753
-1302.9300073912327
-1310.9243468177299
-1318.7637923868483
-1326.4485346380238
-1333.9787761420885
-1341.354731417853
-1348.5766268481382
-1355.6447005952657
-1362.5592025160179
-1369.3203940760777
-1375.9285482639598
-1382.3839495044388
-1388.68689357149
-1394.8376875007484
-1400.8366495014993
-1406.684108868207
-1412.3804058915955
-1417.925891769289
-1423.3209285160212
-1428.5658888734272
-1433.6611562194212
-1438.6071244771788
-1443.4041980237262
-1448.0527915981497
-1452.5533302094354
-1456.9062490439478
-1461.111993372557
-1465.1710184574263
-1469.0837894584677
-1472.850781339475
-1476.4724787739472
-1479.949376050608
-1483.2819769786336
-1486.4707947925972
-1489.516352057141
-1492.4191805713835
-1495.1798212730735
-1497.798824142499
-1500.276748106161
-1502.6141609402218
-1504.8116391737365
-1506.8697679916777
-1508.7891411377636
-1510.5703608170957
-1512.2140375986198
-1513.7207903174153
-1515.0912459768247
-1516.326039650432
-1517.4258143838986
-1518.3912210966648
-1519.222918483529
-1519.9215729161099
-1520.4878583442044
-1520.922456197046
-1521.2260552844768
-1521.3993516980395
-1521.4430487119967
-1521.3578566842912
-1521.1444929574511
-1520.8036817594505
-1520.336154104534
-1519.7426476940152
-1519.023906817055
-1518.18068225143
-1517.2137311642985
-1516.1238170129739
-1514.9117094457122
-1513.5781842025224
-1512.1240230160097
-1510.5500135122566
-1508.8569491117528
-1507.0456289303809
-1505.1168576804655
-1503.071445571895
-1500.9102082133231
-1498.6339665134576
-1496.2435465824453
-1493.7397796333612
-1491.1235018838079
-1488.395554457634
-1485.55678328678
-1482.6080390132577
-1479.550176891271
-1476.3840566894876
-1473.1105425934666
-1469.7305031082492
-1466.244810961122
-1462.6543430045592
-1458.9599801193494
-1455.1626071179169
-1451.2631126478432
-1447.2623890955947
-1443.1613324904652
-1438.9608424087398
-1434.6618218780877
-1430.2651772821876
-1425.7718182655974
-1421.1826576388708
-1416.498611283929
-1411.7205980596948
-1406.8495397079946
-1401.8863607597348
-1396.8319884413593
-1391.6873525815945
-1386.453385518489
-1381.1310220067526
-1375.7211991254
-1370.2248561857098
-1364.6429346394991
-1358.9763779877248
-1353.2261316894135
-1347.393143070928
-1341.4783612355766
-1335.4827369735685
-1329.4072226723254
-1323.252772227149
-1317.020340952256
-1310.7108854921808
-1304.3253637335558
-1297.8647347172725
-1291.3299585510274
-1284.7219963222617
-1278.041810011496
-1271.2903624060682
-1264.4686170142782
-1257.5775379799436
-1250.6180899973745
-1243.591238226768
-1236.497948210031
-1229.339185787034
-1222.1159170123012
-1214.829108072141
-1207.4797252022227
-1200.0687346056027
-1192.5971023712052
-1185.0657943927613
-1177.4757762882123
-1169.828013319579
-1162.1234703133043
-1154.3631115810695
-1146.5479008410919
-1138.6788011399055
-1130.7567747746298
-1122.78278321573
-1114.757787030273
-1106.6827458056823
-1098.558618073996
-1090.386361236631
-1082.1669314896583
-1073.9012837495902
-1065.5903715796867
-1057.2351471167808
-1048.836560998628
-1040.395562291783
-1031.9130984200067
-1023.3901150932061
-1014.827556236911
-1006.2263639222907
-997.5874782967114
-988.911837514841
-980.2003776703003
-971.4540327278661
-962.6737344562268
-953.8604123612956
-945.0149936200814
-936.138403015121
-927.2315628694756
-918.2953929822934
-909.3308105649394
-900.3387301776978
-891.3200636670459
-882.2757201035039
-873.2066057200612
-864.1136238511826
-854.9976748723947
-845.8596561404561
-836.7004619341127
-827.520983395439
-818.322108471768
-809.1047218582116
-799.869704940772
-790.6179357400466
-781.3502888555289
-772.067635410503
-762.7708429975381
-753.4607756245805
-744.1382936616459
-734.8042537881133
-725.4595089406214
-716.1049082615681
-706.7412970482152
-697.3695167023982
-687.9904046808424
-678.6047944460872
-669.2135154180176
-659.8173929260046
-650.4172481616563
-641.0138981321779
-631.608155614343
-622.2008291090762
-612.7927227966476
-603.3846364924794
-593.9773656035651
-584.5717010855012
-575.1684294001332
-565.7683324738133
-556.372187656273
-546.9807676801083
-537.594840620879
-528.2151698578218
-518.8425140351765
-509.4776270241257
-500.12125788534854
-490.7741508321866
-481.437045194423
-472.1106753826739
-462.7957708533924
-453.49305607448395
-444.2032504915329
-434.9270684946402
-425.66521938587084
-416.41840734731113
-407.187331409735
-397.97268542187817
-388.7751580203201
-379.59543259997247
-370.43418728517366
-361.2920949013877
-352.1698229475076
-343.06803356876173
-333.98738353022185
-324.9285241909122
-315.89210147851844
-306.87875586469517
-297.8891223409707
-288.92383039524793
-279.98350398890034
-271.06876153446115
-262.1802158739049
-253.31847425751965
-244.4841383233682
-235.6778040773371
-226.90006187377213
-218.15149639669787
-209.4326866416206
-200.7442058979122
-192.08662173177382
-183.4604959697771
-174.86638468298162
-166.30483817162641
-157.77640095039382
-149.2816117342437
-140.8210034248162
-132.39510309740086
-124.00443198847029
-115.64950548377607
-107.33083310700525
-99.04891850899473
-90.80425945750183
-82.59734782752858
-74.42866959219769
-66.29870481417777
-58.207927637655544
-50.15680628085278
-42.14580302908552
-34.175374228363246
-26.245970279525466
-18.35803563291335
-10.512008783573858
-2.7083222669938785
5.052597344638236
12.770329445646286
20.444459399557637
28.074578541275045
35.660284178731615
43.20117959403157
50.69687404407961
58.14698276070152
65.55112695025899
72.90893379276129
80.22003644047675
87.48407401604693
94.7006916101063
101.86954027841043
108.99027703847557
116.06256486573274
123.08607268919909
130.06047538666974
136.98545377943321
143.86069462651326
150.68589061844042
157.46074037055632
164.18494841585397
170.8582251973569
177.48028706004087
184.0508562423008
190.56966086696647
197.0364349318702
203.45091829996957
209.81285668902882
216.12200166086188
222.37811061014065
228.58094675277158
234.73027911384423
240.82588251515492
246.86753756230894
252.85503063140493
258.7881538553045
264.66670510949075
270.4904879975194
276.2593118360653
281.97299163956865
287.6313481044836
293.2342075931337
298.78140211717664
304.27276932068304
309.70815246283166
315.0874004002254
320.4103675688315
325.6769139655492
330.8869051294092
336.0402121224075
341.1367115099785
346.1762853411096
351.1588211281021
356.0842118259819
360.9523558115631
365.7631568621682
370.5165241340096
375.2123721402348
379.85062072863985
384.4311950590547
388.9540255804035
393.4190480074445
397.82620329719265
402.1754376250289
406.4667023604996
410.6999540428106
414.87515435601864
418.99227010392497
423.05127318467385
427.05214056506065
430.9948542545526
434.8794012790266
438.70577365422724
442.4739683589495
446.18398730794905
449.83583732458504
453.4295301131979
456.96508223122726
460.4425150610726
463.86185478170137
467.22313234000757
470.52638342192535
473.77164842330075
476.9589724205258
480.0884051409388
483.160000932994
486.17381873620536
489.12992205086726
492.02837890755694
494.86926183642134
497.65264783625304
500.3786183433585
503.0472592002229
505.658660623975
508.2129171746552
510.71012772329254
513.1503954197915
515.5338276606351
517.8605360564065
520.130636399133
522.3442486294564
524.5014968036342
526.6025090603733
528.6474175875028
530.6363585884865
532.5694722487812
534.4469027020439
536.2687979961906
538.0353100593115
539.7465946654461
541.4028114002211
543.0041236263562
544.5506984490395
546.0427066811783
547.4803228085268
548.8637249546964
550.1930948460503
551.4686177764875
552.6904825721188
553.8588815558386
554.9740105117972
556.0360686497748
557.0452585694632
558.0017862246569
558.9058608873589
559.7576951118023
560.5575046983935
561.3055086575797
562.0019291736436
562.6469915684291
563.2409242650025
563.78395875125
564.2763295434187
564.7182741496003
565.110033033165
565.4518495761453
565.7439700425757
565.986643541791
566.1801219916847
566.324660081934
566.4205152371923
566.4679475802532
566.4672198951896
566.4185975904709
566.3223486620606
566.1787436564997
565.9880556339771
565.7505601313912
565.4665351254055
565.136260995501
564.7600204870298
564.3380986742724
563.8707829234999
563.3583628560478
562.8011303114021
562.1993793103001
561.5534060178516
560.8635087066812
560.1299877200955
559.3531454352783
558.5332862265163
557.6707164284592
556.7657442994155
555.818679984689
554.8298354799566
553.7995245946925
552.7280629156394
551.615767770332
550.462958190673
549.2699548765664
548.0370801596105
546.7646579668517
545.4530137846043
544.1024746223372
542.7133689766309
541.2860267952076
539.8207794410362
538.317959656516
536.7779015277408
535.2009404488465
533.5874130864438
531.9376573441402
530.2520123271528
528.5308183070134
526.774416686371
524.9831499638908
523.1573616992563
521.297396478272
519.4035998780734
517.4763184324432
515.5158995972403
513.5226917159378
511.49704398527933
509.4393064210503
507.34982982396866
505.22896574569813
503.0770664549843
500.8944849039171
498.68157469432145
496.43869004427796
494.1661857547759
491.86441717650064
489.533740176758
487.17451110653667
484.7870867677114
482.3718243803888
479.9290815503975
477.4592162369251
474.9625867203033
472.4395515699436
469.8904696124249
467.31569989973565
464.7156016776714
462.09053435439034
459.4408574691285
456.766930661076
454.0691136384164
451.3477661475307
448.6032479423681
445.83591875398463
443.0461382602516
440.23426605573525
437.40066162174986
434.5456842965849
431.6696932459088
428.77304743335
425.8561055912574
422.9192261916414
419.96276741729713
416.9870871331109
413.99254285755217
410.9794917343515
407.94829050436624
404.8992954776355
401.83286250562554
398.7493469536663
395.6491036735817
392.53248697651367
389.39985060594177
386.25154771089933
383.0879308193876
379.9093518119888
376.71616189567936
373.5087115778444
370.2873506404944
367.0524281146854
363.80429225514354
360.5432905150951
357.2697695213033
353.9840750493118
350.68655199889724
347.37754436973074
344.05739523724986
340.7264467287413
337.38503999963586
334.03351521001616
330.67221150133764
327.3014669733643
323.9216186613195
320.5330025132527
317.1359533676227
313.73080493109813
310.3178897565765
306.89753922142125
303.4700835059184
300.0358515719532
296.59517114190714
293.14836867777615
289.69576936051027
286.23769706957563
282.77447436273906
279.3064224560757
275.8338612042005
272.3571090807234
268.87648315892926
265.39229909268244
261.9048710975569
258.4145119321914
254.9215328798711
251.42624373033527
247.92895276181122
244.42996672327538
240.9295908169414
237.4281286809753
233.92588237243825
230.423152350457
226.92023745962223
223.41743491361478
219.91504027906
216.41334745961043
212.91264868025672
209.41323447186687
205.91539365595403
202.41941332967275
198.92557885104358
195.4341738244063
191.9454800861014
188.4597776903802
184.97734489554298
181.4984581503055
178.02339208039382
174.55241947536675
171.0858112756665
167.6238365598968
164.16676253232876
160.71485451063384
157.26837591384407
153.8275882505391
150.39275110725995
146.964122137149
143.54195704881607
140.12650959543043
136.718031564038
133.3167727651038
129.92298102227923
126.53690216239363
123.15878000566977
119.78885635616301
116.42737099242359
113.0745616583817
109.73066405445466
106.39591182887608
103.07053656924617
99.75476779430292
96.44883294591354
93.1529573812856
89.86736436539745
86.59227506364712
83.32790853471938
80.0744817236702
76.832209455228
73.60130442731112
70.38197720476087
67.17443621328943
63.97888773364198
60.795535895972435
57.624582674431856
54.46622788196919
51.32066916534322
48.188102000345275
45.068719687231805
41.96271334636602
38.87027191406796
35.791582138672034
32.72682857679132
29.676193589787772
26.63985734044749
23.617997789860215
20.610790694502185
17.61840960352149
14.641025856225006
11.678808579766063
8.73192468703186
5.800538874729801
2.8848136216717357
-0.015090812744796622
-2.8990163898592916
-5.7668072928759395
-8.618309927797196
-11.453372924164254
-14.271847135605432
-17.07358564019346
-19.858443740612728
-22.626278964137487
-25.376951062422076
-28.110322011104227
-30.82625600922247
-33.52461947844879
-36.20528106213754
-38.868111624191734
-41.51298424774787
-44.13977423368029
-46.74835909892627
-49.33861857463298
-51.91043460412743
-54.46369134071048
-56.998275145276246
-59.51407458375783
-62.01098042440079
-64.48888563486534
-66.94768537915854
-69.38727701439774
-71.8075600874063
-74.20843633114303
-76.58980966096637
-78.95158617073464
-81.29367412874363
-83.61598397350258
-85.91842830935003
-88.20092190191072
-90.46338167339458
-92.70572669773951
-94.92787819559881
-97.1297595291748
-99.31129619689978
-101.47241582796562
-103.61304817670344
-105.73312511681448
-107.8325806354535
-109.91135082716617
-111.96937388768168
-114.00659010756176
-116.02294186570768
-118.0183736227264
-119.9928319141572
-121.94626534356023
-123.87862457546831
-125.78986232820324
-127.67993336655799
-129.54879449434628
-131.3964045468207
-133.22272438296082
-135.0277168776328
-136.81134691362163
-138.5735813735375
-140.31438913159764
-142.03374104528507
-143.73160994688575
-145.40797063490513
-147.0627998653658
-148.69607634298774
-150.30778071225205
-151.89789554835033
-153.46640534802034
-155.01329652026973
-156.53855737698933
-158.04217812345706
-159.52415084873425
-160.98446951595542
-162.42312995251325
-163.84012984013984
-165.23546870488593
-166.6091479069994
-167.9611706307042
-169.29154187388184
-170.60026843765584
-171.88735891588146
-173.1528236845416
-174.3966748910505
-175.61892644346656
-176.81959399961562
-177.9986949561264
-179.15624843737916
-180.29227528436925
-181.4067980434869
-182.4998409552145
-183.57142994274298
-184.62159260050868
-185.65035818265196
-186.65775759139905
-187.64382336536872
-188.60858966780486
-189.55209227473657
-190.47436856306706
-191.37545749859288
-192.25539962395482
-193.11423704652177
-193.95201342620916
-194.7687739632331
-195.5645653858018
-196.3394359377458
-197.09343536608773
-197.82661490855392
-198.53902728102858
-199.23072666495204
-199.90176869466467
-200.5522104446975
-201.18211041701122
-201.79152852818478
-202.3805260965549
-202.94916582930784
-203.4975118095252
-204.02562948318422
-204.5335856461149
-205.02144843091463
-205.489287293822
-205.93717300155092
-206.3651776180865
-206.77337449144397
-207.16183824039203
-207.53064474114183
-207.87987111400307
-208.20959571000827
-208.5198980975068
-208.81085904872978
-209.0825605263273
-209.33508566987908
-209.56851878237973
-209.78294531670053
-209.97845186202832
-210.15512613028292
-210.3130569425147
-210.45233421528314
-210.5730489470179
-210.6752932043634
-210.7591601085087
-210.82474382150295
-210.8721395325587
-210.90144344434358
-210.91275275926196
-210.90616566572757
-210.88178132442832
-210.83969985458478
-210.78002232020313
-210.70285071632406
-210.60828795526868
-210.49643785288268
-210.36740511477984
-210.22129532258606
-210.05821492018524
-209.87827119996797
-209.68157228908413
-209.46822713570083
-209.23834549526643
-208.9920379167823
-208.72941572908275
-208.4505910271249
-208.1556766582891
-207.8447862086914
-207.51803398950875
-207.17553502331847
-206.81740503045262
-206.44376041536873
-206.0547182530377
-205.6503962753499
-205.2309128575408
-204.79638700463693
-204.34693833792312
-203.8826870814325
-203.40375404845963
-202.91026062809843
-202.4023287718053
-201.8800809799888
-201.34364028862709
-200.79313025591335
-200.22867494893106
-199.6503989303593
-199.0584272452096
-198.4528854075951
-197.8338993875327
-197.20159559777983
-196.55610088070574
-195.89754249519936
-195.22604810361364
-194.5417457587479
-193.84476389086893
-193.13523129477147
-192.4132771168795
-191.67903084238847
-190.93262228245004
-190.17418156139976
-189.40383910402863
-188.6217256228993
-187.827972105708
-187.0227098026927
-186.2060702140885
-185.37818507763097
-184.53918635610833
-183.68920622496313
-182.8283770599442
-181.9568314248098
-181.0747020590826
-180.18212186585723
-179.2792238996612
-178.36614135436992
-177.4430075511764
-176.50995592661673
-175.5671200206514
-174.61463346480394
-173.65262997035688
-172.68124331660619
-171.7006073391745
-170.71085591838417
-169.71212296769048
-168.70454242217573
-167.68824822710508
-166.66337432654436
-165.63005465204085
-164.58842311136743
-163.53861357733078
-162.48075987664413
-161.41499577886532
-160.3414549854006
-159.2602711185747
-158.17157771076805
-157.07550819362095
-155.97219588730638
-154.86177398987093
-153.74437556664486
-152.62013353972182
-151.4891806775084
-150.35164958434464
-149.20767269019535
-148.0573822404129
-146.90091028557228
-145.73838867137843
-144.56994902864656
-143.39572276335582
-142.2158410467769
-141.0304348056737
-139.83963471257988
-138.6435711761502
-137.44237433158753
-136.23617403114568
-135.0250998347085
-133.80928100044554
-132.58884647554476
-131.3639248870226
-130.13464453261176
-128.901133371727
-127.66351901650935
-126.42192872294893
-125.176489382087
-123.92732751129712
-122.67456924564613
-121.41834032933488
-120.15876610721938
-118.89597151641219
-117.63008107796477
-116.36121888863072
-115.08950861271028
-113.8150734739764
-112.53803624768254
-111.25851925265235
-109.97664434345155
-108.6925329026423
-107.40630583312002
-106.11808355053306
-104.82798597578537
-103.5361325276222
-102.2426421152992
-100.94763313133501
-99.65122344434738
-98.35353039197314
-97.05467077387205
-95.75476084481467
-94.45391630785447
-93.15225230758406
-91.84988342347596
-90.5469236633077
-89.24348645667162
-87.93968464856924
-86.63563049309032
-85.3314356471768
-84.0272111644716
-82.72306748925214
-81.4191144504491
-80.1154612557499
-78.81221648578737
-77.50948808841339
-76.20738337305761
-74.9060090051712
-73.60547100075568
-72.30587472097689
-71.00732486686383
-69.7099254740927
-68.41377990785587
-67.11899085781577
-65.8256603331438
-64.53388965764404
-63.24377946496179
-61.95542969387691
-60.66893958368176
-59.38440766964387
-58.101931778553045
-56.821609024352945
-55.54353580385702
-54.267807792548645
-52.99451994046548
-51.72376646816771
-50.455640862790325
-49.19023587417905
-47.92764351110999
-46.66795503759269
-45.411260969256624
-44.157651069820815
-42.907214347646494
-41.66003905237264
-40.416212671634206
-39.17582192786285
-37.93895277517001
-36.70569039631209
-35.47611919973765
-34.25032281671627
-33.02838409854897
-31.81038511385998
-30.5964071459696
-29.386530690347914
-28.18083545214916
-26.97940034382654
-25.782303482827153
-24.589622189366892
-23.401432984285
-22.217811586978026
-21.038832913412936
-19.864571074219125
-18.695099372859023
-17.530490303877027
-16.370815551226492
-15.216145986674476
-14.066551668283946
-12.922101838973157
-11.782864925151898
-10.64890853543428
-9.520299459427779
-8.397103666598188
-7.2793863052101955
-6.167211701343218
-5.060643357982182
-3.959743954182918
-2.8645753443118185
-1.7751985573594182
-0.6916737963275477
0.3859395623102937
1.4575829690757016
2.523198701879633
3.5827298663445366
4.636120396054723
5.683315052735342
6.72425942636035
7.758899935189851
8.787183825737195
9.809059172666213
10.824474878619005
11.833380673974665
12.835727116539331
13.831465591168005
14.820548309318486
15.8029283085379
16.778559451882195
17.747396427269024
18.709394746764456
19.66451074580393
20.612701582347878
21.553925235972443
22.488140506895746
23.415307014940115
24.33538519843074
25.248336313031174
26.154122430516157
27.052706437482172
27.944052033996226
28.82812373218327
29.704886854752747
30.57430753346474
31.436352707536127
32.29099012198725
33.138188325929576
33.977916670794784
34.810145308505746
35.63484518958996
36.451988061235795
37.26154646529211
38.06349373621167
38.857803998938905
39.64445216674248
40.4234139389931
41.1946657988871
41.95818501111632
42.71394961948475
43.46193844447238
44.202131080746845
44.934507894623295
45.65905002147299
46.3757393630812
47.08455858495482
47.785491113580235
48.47852113363197
49.1636335851326
49.84081416056442
50.51004930193344
51.171326197786165
51.82463278017964
52.469957721605425
53.1072904318678
53.736621054916895
54.357940465637135
54.97124026659165
55.57651278472301
56.17375106801096
56.762948882087535
57.34410070681021
57.91720173279348
58.48224785789947
59.03923568368809
59.588162511827235
60.12902634046357
60.66182586055442
61.186560452161295
61.70323018070552
62.21183579318661
62.712378714363815
63.20486104290141
63.68928554747823
64.16565566286194
64.6339754859487
65.09424977176862
65.5464839294576
65.99068401819594
66.42685674311453
66.85500945116888
67.27515012698163
67.68728738865401
68.09143048354693
68.48758928403191
68.87577428321279
69.25599659061837
69.62826792786674
69.99260062430172
70.3490076126019
70.69750242436295
71.03809918565359
71.37081261254573
71.69565800661941
72.012651250443
72.32180880302913
72.62314769526692
72.91668552533112
73.20244045406838
73.48043120036156
73.75067703647233
74.01319778336253
74.26801380599511
74.51514600861478
74.75461583000917
74.98644523875089
75.2106567284209
75.42727331281401
75.63631852112661
75.83781639312745
76.03179147431182
76.21826881103958
76.39727394565786
76.56883291160842
76.73297222852062
76.88971889729028
77.03910039514489
77.1811446706958
77.31588013897783
77.44333567647672
77.56354061614493
77.67652474240643
77.7823182861507
77.88095191971662
77.97245675186672
78.05686432275206
78.13420659886859
78.20451596800507
78.26782523418328
78.32416761259093
78.37357672450766
78.4160865922247
78.45173163395864
78.48054665875966
78.50256686141486
78.51782781734698
78.52636547750906
78.52821616327554
78.52341656133011
78.51200371855083
78.49401503689305
78.46948826827042
78.43846150943462
78.40097319685397
78.3570621015917
78.30676732418404
78.25012828951873
78.18718474171435
78.11797673900072
78.04254464860115
77.96092914161659
77.87317118791238
77.77931205100784
77.67939328296924
77.57345671930652
77.46154447387406
77.34369893377608
77.21996275427708
77.09037885371748
76.9549904084352
76.81384084769323
76.66697384861394
76.51443333112017
76.35626345288385
76.19250860428215
76.02321340336191
75.84842269081243
75.66818152494726
75.4825351766951
75.29152912460047
75.09520904983427
74.89362083121465
74.68681054023878
74.47482443612552
74.25770896086962
74.03551073430769
73.80827654919634
73.57605336630277
73.33888830950829
73.09682866092491
72.84992185602556
72.59821547878809
72.34175725685355
72.08059505669891
71.81477687882472
71.54435085295788
71.26936523326998
70.98986839361142
70.70590882276166
70.41753511969598
70.12479598886897
69.82774023551501
69.52641676096627
69.22087455798828
68.91116270613347
68.59733036711297
68.2794267801871
67.95750125757444
67.63160317988027
67.3017819915443
66.96808719630806
66.63056835270234
66.28927506955479
65.94425700151801
65.5955638446185
65.24324533182647
64.88735122864713
64.52793132873336
64.16503544952025
63.79871342788168
63.42901511580919
63.05599037611333
62.6796890781478
62.30016109355667
61.91745629204471
61.531624537171304
61.142715682167974
60.75077956577988
60.35586600813142
59.958024806616194
59.557305731811546
59.153758523417885
58.747432886222946
58.338378486091315
57.92664494597926
57.51228184197522
57.095338699366025
56.67586498872909
56.25391012205079
55.82952344887115
55.402754252455075
54.97365174599028
54.54226506881208
54.108643282655216
53.672835367932926
53.23489022004338
52.794856645703646
52.35278335931135
51.90871897933422
51.46271202472755
51.01481091137997
50.565063948587344
50.11351933555523
49.660225157929865
49.20522938435785
48.74857986307473
48.29032431852254
47.830510347996444
47.369185418320576
46.90639686255328
46.442191876721786
45.97661751658646
45.50972069443475
45.04154817590491
44.57214657683967
44.101562360169886
43.62984183282824
43.157031142693214
42.6831762755633
42.2083230521616
41.73251712517092
41.25580397629932
40.77822891337638
40.29983706748015
39.820673390094825
39.340782650299325
38.86020943198675
38.37899813111485
37.89719295298747
37.41483790956717
36.93197681681897
36.44865329208528
35.96491075149214
35.48079240738669
34.99634126580606
34.51160012397763
34.0266115678507
33.54141796965964
33.05606148551855
32.570584053047384
32.08502738902975
31.59943298710214
31.113842115474895
30.62829581468469
30.14283489537871
29.657499936130435
29.17233128128713
28.687369038848946
28.202653078379743
27.71822302894954
27.234118277108667
26.750377964893566
26.267040987864267
25.78414599317352
25.30173137766756
24.819835286018517
24.3384956088884
23.85774998112474
23.37763577998774
22.89819012340902
22.419449868281852
21.94145160878292
21.4642316747255
20.987826129944107
20.51227077071051
20.0376011241811
19.563852446875583
19.091059723186913
18.619257663922472
18.148480704876405
17.67876300543308
17.210138447201604
16.742640632681375
16.276302883958575
15.811158241433539
15.347239462578969
14.884579020728927
14.4232091038985
13.963161613634112
13.504468163894376
13.047160079961454
12.591268397382807
12.136823860943274
11.683856923667411
11.232397745851992
10.782476194128588
10.334121840556143
9.887363961743477
9.44223153800157
8.998753252525608
8.556957490606633
8.116872338872735
7.678525584559681
7.241944714810877
6.807156916006561
6.37418907312212
5.943067769115435
5.513819284343135
5.086469596005652
4.661044377620979
4.23756899852699
3.8160685234122322
3.3965677118750603
2.9790910180110015
2.563662590028221
2.1503062698909723
1.7390455929909105
1.3299037878461344
0.9229037758278376
0.5180681709144375
0.1154192794730502
-0.2850208999318203
-0.6832306767025111
-1.079188668345485
-1.472873800581805
-1.8642653074309399
-2.2533427312680385
-2.640085922854815
-3.0244750413441883
-3.4064905542588195
-3.7861132374436903
-4.163324174992876
-4.538104759150656
-4.910436690187108
-5.280301976248354
-5.647682933181582
-6.01256218433503
-6.374922660333057
-6.734747598826483
-7.092020544218332
-7.446725347365158
-7.798846165254093
-8.148367460655805
-8.495274001753495
-8.839550861748123
-9.181183418440014
-9.520157353787019
-9.856458653439384
-10.190073606251513
-10.520988803770765
-10.84919113970349
-11.174667809358457
-11.49740630906783
-11.817394435585902
-12.134620285465717
-12.449072254413798
-12.760739036623118
-13.069609624084519
-13.375673305876735
-13.678919667435212
-13.979338589799895
-14.276920248842162
-14.571655114471094
-14.86353394981925
-15.152547810408132
-15.438688043293533
-15.721946286190933
-16.002314466581147
-16.27978480079639
-16.55434979308695
-16.826002234668675
-17.09473520275143
-17.36054205954872
-17.623416451268685
-17.883352307086625
-18.140343838099273
-18.394385536260984
-18.645472173302043
-18.893598799629263
-19.138760743209087
-19.380953608433376
-19.62017327496807
-19.856415896584906
-20.089677899976408
-20.319955983554323
-20.547247116231706
-20.771548536188835
-20.992857749623173
-21.21117252948354
-21.426490914188694
-21.63881120633055
-21.848131971362204
-22.054452036270924
-22.257770488236382
-22.458086673274252
-22.65540019486541
-22.8497109125709
-23.041018940632885
-23.22932464656178
-23.41462864970974
-23.596931819830733
-23.776235275627336
-23.95254038328453
-24.125848754990614
-24.29616224744549
-24.463482960356483
-24.6278132349219
-24.78915565230252
-24.94751303208123
-25.102888430710962
-25.25528513995118
-25.40470668529307
-25.55115682437365
-25.694639545378973
-25.835159065436653
-25.97271982899788
-26.10732650620914
-26.238983991273784
-26.367697400803724
-26.493472072161392
-26.616313561792143
-26.736227643547366
-26.853220306998395
-26.967297755741523
-27.078466405694222
-27.186732883382824
-27.292104024221796
-27.394586870784863
-27.494188671068116
-27.590916876745343
-27.68477914141573
-27.77578331884415
-27.863937461194233
-27.949249817254366
-28.031728830656878
-28.111383138090538
-28.188221567506584
-28.262253136318463
-28.33348704959547
-28.401932698250455
-28.467599657221847
-28.53049768365008
-28.590636715048692
-28.648026867470247
-28.702678433667245
-28.754601881248252
-28.803807850829386
-28.850307154181355
-28.89411077237224
-28.93522985390621
-28.97367571285831
-29.00945982700553
-29.042593835954335
-29.073089539264842
-29.100958894571775
-29.126214015702434
-29.148867170791807
-29.168930780395034
-29.186417415597376
-29.20133979612187
-29.213710788434845
-29.22354340384946
-29.230850796627454
-29.235646262079257
-29.237943234662648
-29.237755286080116
-29.23509612337512
-29.229979587027366
-29.22241964904731
-29.212430411070038
-29.20002610244869
-29.185221078347574
-29.168029817835176
-29.148466921977157
-29.126547111929597
-29.10228522703254
-29.075696222904078
-29.0467951695351
-29.015597249384847
-28.98211775547749
-28.946372089499807
-28.908375759900178
-28.868144379989
-28.825693666040745
-28.781039435397716
-28.73419760457575
-28.685184187371956
-28.634015292974624
-28.580707124075538
-28.525275974984734
-28.46773822974793
-28.408110360266722
-28.346408924421716
-28.282650564198732
-28.216852003818214
-28.149030047868
-28.079201579439566
-28.007383558267946
-27.93359301887536
-27.857847068718797
-27.780162886341603
-27.700557719529257
-27.619048883469457
-27.53565375891663
-27.450389790361033
-27.363274484202513
-27.274325406929155
-27.183560183300816
-27.090996494537798
-26.99665207651469
-26.90054471795955
-26.80269225865855
-26.703112587666176
-26.601823641521143
-26.498843402468115
-26.394189896685354
-26.287881192518434
-26.179935398720097
-26.070370662696416
-25.959205168759336
-25.84645713638573
-25.732144818483075
-25.61628649966185
-25.498900494514768
-25.380005145902967
-25.259618823249244
-25.137759920838462
-25.01444685612519
-24.889698068048737
-24.763532015355626
-24.635967174929664
-24.50702204012967
-24.376715119134943
-24.245064933298636
-24.112090015509054
-23.977808908559023
-23.842240163523407
-23.705402338144843
-23.56731399522783
-23.42799370104123
-23.287460023729277
-23.145731531731172
-23.00282679220939
-22.858764369486714
-22.713562823492158
-22.567240708215802
-22.419816570172653
-22.271308946875585
-22.121736365317485
-21.971117340462612
-21.819470373747325
-21.666813951590182
-21.51316654391153
-21.358546602662667
-21.202972560364593
-21.046462828656473
-20.889035796853868
-20.730709830516783
-20.57150327002763
-20.41143442917913
-20.250521593772266
-20.088783020224326
-19.9262369341871
-19.76290152917527
-19.598794965205098
-19.433935367443446
-19.26834082486717
-19.102029388932984
-18.935019072257795
-18.76732784730962
-18.5989736451091
-18.429974353941684
-18.260347818080486
-18.09011183651995
-17.91928416172027
-17.747882498362724
-17.575924502115843
-17.40342777841256
-17.230409881238334
-17.0568883119303
-16.88288051798749
-16.708403891892164
-16.533475769942275
-16.358113431095134
-16.182334095822284
-16.006154924975636
-15.82959301866488
-15.65266541514623
-15.475389089722517
-15.297780953654675
-15.11985785308462
-14.941636567969583
-14.763133811027913
-14.584366226696362
-14.405350390098905
-14.226102806027086
-14.046639907931942
-13.866978056927502
-13.687133540805908
-13.507122573064139
-13.326961291942409
-13.146665759474205
-12.966251960548004
-12.785735801980696
-12.605133111602703
-12.42445963735482
-12.243731046396787
-12.062962924227604
-11.882170773817593
-11.701370014752237
-11.520575982387761
-11.33980392701851
-11.159069013056094
-10.978386318220325
-10.797770832741937
-10.6172374585771
-10.436801008633719
-10.256476206009543
-10.076277683242044
-9.896219981570098
-9.71631755020746
-9.536584745628002
-9.357035830862756
-9.177684974808715
-8.998546251549405
-8.819633639687222
-8.640961021687522
-8.46254218323444
-8.284390812598462
-8.106520500015701
-7.928944737078897
-7.7516769161401005
-7.574730329725049
-7.3981181699592025
-7.221853528005438
-7.045949393513373
-6.870418654080313
-6.6952740947237945
-6.520528397365704
-6.346194140327967
-6.172283797839765
-5.998809739556279
-5.825784230088917
-5.653219428547023
-5.48112738809102
-5.309520055496984
-5.138409270732606
-4.967806766544527
-4.797724168057007
-4.628172992381911
-4.459164648239971
-4.290710435593309
-4.122821545289168
-3.9555090587148474
-3.7887839474637817
-3.6226570730127508
-3.4571391864101777
-3.292240927975482
-3.127972827009449
-2.9643453015155883
-2.8013686579324313
-2.6390530908767436
-2.4774086828976043
-2.316445404241316
-2.1561731126271066
-1.9966015530335848
-1.8377403574958988
-1.6795990449135694
-1.5221870208689436
-1.3655135774562328
-1.2095878931210873
-1.0544190325106657
-0.9000159463341526
-0.7463874712336787
-0.5935423296655975
-0.44148912979207156
-0.2902363653829195
-0.13979241572767737
0.009834454442176066
0.15863609502087817
0.3066044705859767
0.45373166044590907
0.6000098586776188
0.7454313741542595
0.8899886305630399
1.033674166413262
1.1764806350346064
1.3184008045657176
1.4594275579331448
1.599553892820693
1.7387729216292376
1.877077871427063
2.0144620838907774
2.1509190152368616
2.286442236143911
2.421025431665628
2.5546624011346193
2.687347058057066
2.8190734299983147
2.9498356584594543
3.0796279987449444
3.208444819821344
3.3362806041672126
3.4631299476142345
3.5889875591796394
3.7138482608899723
3.8377069875962793
3.9605587867807714
4.082398818355033
4.20322235444983
4.32302477919659
4.441801588500618
4.559548389806106
4.676260901853009
4.791934954425852
4.906566488094522
5.020151553947133
5.13268631331501
5.244167037489867
5.354590107433247
5.463952013478291
5.572249355023897
5.679478840221346
